398
1057
1077
1083
1086
1090
1086
32
1090
1080
32
1077
32
1085
1072
1087
1072
1076
1085
1072
1090
1086
32
1086
1090
32
1060
1072
1085
1090
1072
1089
1084
1072
1075
1086
1088
1080
1080
32
33
32
1048
1079
1087
1088
1072
1090
1077
1085
32
1089
1080
32
1076
1072
32
1075
1080
13
10
1089
1087
1088
1077
1096
46
32
1042
1085
1080
1084
1072
1074
1072
1081
44
32
1090
1077
32
1084
1086
1075
1072
1090
32
1076
1072
32
1090
1077
32
1086
1073
1089
1090
1088
1077
1083
1074
1072
1090
32
1089
32
1084
1072
1075
1080
1080
46
32
1040
1082
1086
32
1090
1077
32
13
10
1076
1086
1082
1086
1089
1085
1077
32
1092
1072
1085
1090
1072
1089
1084
1072
1075
1086
1088
1080
1103
44
32
1089
1098
1097
1086
32
1090
1077
32
1085
1072
1088
1072
1085
1103
1074
1072
46
32
1057
1090
1088
1077
1083
1103
1081
32
1089
32
1084
1080
1096
1082
1072
1090
1072
13
10
1080
32
1091
1087
1088
1072
1074
1083
1103
1074
1072
1081
32
1089
1098
1089
32
1089
1090
1088
1077
1083
1082
1080
1090
1077
46
32
1052
1086
1078
1077
1096
32
1076
1072
32
1073
1083
1086
1082
1080
1088
1072
1096
32
1084
1072
1075
1080
1080
1090
1077
32
1079
1072
32
13
10
1086
1087
1088
1077
1076
1077
1083
1077
1085
1086
32
1074
1088
1077
1084
1077
32
1089
32
83
72
73
70
84
46
32
1060
1072
1085
1090
1072
1089
1084
1072
1075
1086
1088
1080
1080
1090
1077
32
1086
1073
1072
1095
1077
32
1089
1098
1097
1086
32
1080
1084
1072
1090
13
10
1097
1080
1090
44
32
1082
1086
1081
1090
1086
32
1087
1086
1083
1079
1074
1072
1090
32
1087
1086
1085
1103
1082
1086
1075
1072
46
32
1040
1082
1086
32
1091
1076
1072
1088
1080
1096
32
1060
1072
1085
1090
1072
1089
1084
1072
1075
1086
1088
1080
1103
32
1087
1086
13
10
1075
1083
1072
1074
1072
1090
1072
44
32
1097
1077
32
1081
32
1087
1088
1080
1095
1080
1085
1080
1096
32
1084
1072
1082
1089
1080
1084
1072
1083
1085
1072
32
1074
1088
1077
1076
1072
32
33
0
